0 
89.88931 0
994.3449 
1190.43751 1
1993.19447 
2090.41192 0
2991.58416 
3089.13084 0
3996.00264 
4190.37644 1
4996.82178 
5091.28253 0
6000.08525 
6091.19971 0
6993.3535 
7185.58406 1
7995.2083 
8184.74769 1
8995.28466 
9185.36603 1
9993.06735 
10187.94649 1
10999.25413 
11088.2755 0
11999.28049 
12090.87455 0
12997.98021 
13087.86978 0
13999.06278 
14183.34653 1
14998.06887 
15088.02937 0
15996.08933 
16088.28869 0
16994.2896 
17183.51697 1
18001.36595 
18089.59936 0
18997.77425 
19090.79649 0
20001.09649 
20190.34957 1
20995.5537 
21088.74552 0
21999.07846 
22088.88821 0
22994.22504 
23091.94429 0
23999.51035 
24186.24569 1
24992.89359 
25090.33827 0
26000.22841 
26090.72673 0
26996.88411 
27091.06351 0
27996.04952 
28190.75006 1
28996.25511 
29089.84138 0
29998.14826 
30185.97441 1
30996.44973 
31191.93865 1
31994.54299 
32086.91359 0
32997.9769 
33187.28281 1
33995.4535 
34088.20605 0
34993.06737 
35186.98986 1
35994.06503 
36091.71402 0
36999.44457 
37086.09382 0
37993.85158 
38088.7036 0
38998.58785 
39087.77694 0
39994.74004 
40186.53757 1
40993.08429 
41089.20961 0
41994.66248 
42089.41118 0
42995.89444 
43086.8067 0
43995.66444 
44187.64488 1
44994.57554 
45091.69324 0
45999.10374 
46088.53474 0
46994.20903 
47088.19859 0
47996.88964 
48087.87325 0
48999.9419 
49187.34729 1
49993.50064 
50185.50681 1
50995.47411 
51187.42426 1
51998.54841 
52088.45757 0
52993.19912 
53091.73073 0
53991.71552 
54190.40049 1
54999.83407 
55090.73941 0
55998.63724 
56092.54587 0
56997.81348 
57092.82986 0
57998.18476 
58083.94686 0
