0  
511.9156 1 1
1000.18124  
1117.42095 0 0
1999.43313  
2116.00476 0 0
3000.44781  
3118.05507 0 0
3999.8661  
4120.33955 0 0
5000.20649  
5119.76727 0 0
6001.64201  
6117.54394 0 0
6999.53164  
7119.76414 0 0
7999.66089  
8120.34693 0 0
8999.91897  
9119.37299 0 0
10000.2656  
10119.92941 0 0
11000.53054  
11120.52937 0 0
11999.78922  
12122.76232 0 0
12999.63367  
13118.55809 0 0
14000.4684  
14123.69641 0 0
15001.65966  
15122.16855 0 0
16000.86086  
16118.76167 0 0
17000.66055  
17120.81327 0 0
18000.24052  
18117.38387 0 0
19000.91662  
19119.66725 0 0
19999.42775  
20217.51432 1 0
21001.11418  
21115.31133 0 0
22000.11868  
22116.69701 0 0
22998.86572  
23220.32408 1 0
24000.17185  
24221.37747 1 0
25000.65021  
25217.28288 1 0
25999.11456  
26121.91937 0 0
26998.91616  
27116.42038 0 0
27998.55563  
28120.23723 0 0
28999.39966  
29119.76128 0 0
29999.92808  
30118.45504 0 0
31000.41094  
31218.55066 1 0
31999.39545  
32120.45335 0 0
33000.21361  
33120.60538 0 0
34000.87202  
34117.21288 0 0
35000.20107  
35120.86428 0 0
35999.87178  
36219.61489 1 0
36999.69415  
37122.10242 0 0
38000.65734  
38116.87293 0 0
39000.68478  
39122.91566 0 0
39998.55234  
40218.88775 1 0
40999.43931  
41118.72336 0 0
41999.16859  
42216.08581 1 0
42999.47242  
43118.7643 0 0
43999.7909  
44223.57428 1 0
45002.74557  
45120.05409 0 0
46000.14516  
46116.7749 0 0
47000.16403  
47118.92645 0 0
48000.66666  
48217.03599 1 0
48999.74339  
49119.45 0 0
50000.72501  
50119.41037 0 0
50999.00259  
51122.30624 0 0
51999.30262  
52119.85856 0 0
52999.3628  
53216.75038 1 0
54000.95183  
54218.06546 1 0
55000.13732  
55316.88402 1 1
56000.61754  
56217.6252 1 0
57000.22548  
57319.50357 1 1
57999.40415  
58312.71615 1 1
59000.64679  
59118.42947 0 0